2204253532512189826
2204157383503729039
2204139225501782953
2204229225504970976
2204244943512034449
2205062866513886677
2205079456504074438
2205194564502593033
2205185235518068744
2205190616517334043
2205219883530115625
2205246026502943638
2205208754511001951
2205206617503607006
2205143400519042820
2205170189508290356
2205160654517045376
2205131664506263621
2205137775511508270
2205171549519013553
2205313786502359229
2205287073529265182
2205118523502636942
2205099326507404291
2205082922514922498
2205096011514161956
2205109966501922522
2205080732517280936
2205084283517591618
2205087471505648224
2205142795503089166
2205124629511652670
2205153346513713928
2205177310508657150
2205163545512426944
2205194271515045215
2205222542521045846
2205230099506454070
2205268832507131777
2205250248511048177
2206149320526089734
2206088727516472714
2206124535505381631
2206130425516750200
2206147819503114949
2206151240515515890
2206168570503313901
2206162324507172798
2206214948510390721
2206223728521073512
2206199971535431471
2206024146522630998
2206021201513862924
2206048298526857610
2206061201513684451
2206090564512321341
2206055421526608786
2206055421527513526
2206252013512109558
2206269354525482486
2206277739501825840
2206271419514223673
2206014640506062122
2206096862515701789
2206286947503440077
2206025692539662492
2206015583511400682
2206038149526337168
2206087819502888991
2206086948508359364
2206073922510272140
2206100564510300378
2206103249511874114
2206071201502914270
2206077819502927860
2206100564504562055
2206099101519698051
2206106872509623681
2206117017509015973
2206107819502939712
2206102585511114358
2206092627502531809
2208069811520490208
2208059758535573369
2208032620512558404
2208068567512461546
2208078875506852949
2208052598539518796
2208072304502651741
2208058056535388304
2208071090505013104
2208056718526134567
2208123693515412836
2208111110521168208
2208126619523688229
2208120056519498265
2208084000508603377
2208081961527181427
2208085474512329550
2206110147508085085
2208090597505145595
2208090027521403183
2208092670532629425
2208098257518885864
2208098706520518666
2208095188525077743
2204291923514882702
2208064451526038853
2208072406521526804
2208108647525084309
2208109083515220854
2208098172526212100
2208104593505197609
2208134421522971309
2208137055530240194
2208145417509039698
2208157363502794099
2208144341501858914
2208159572512315585
2208167828514385078
2208136670531140363
2208127133502685637
2206300454511879235
2208153577532832806
2206159160515335270
2208146293503676309
2208140454503931148
2208142864507820678
2207248067526043033
2206284536521220651
2206287007511921730
2206296092502810919
2206302232536054653
2206129593504459078
2206302800534176002
2206147799516739560
2206307420527741399
2205166818505562907
2207057855507227818
2207010141517248074
2205300946510630517
2207079552506923369
2207058523503085505
2206196053512104692
2207157384502131724
2207158523502991345
2207118523503663826
2206252604502918314
2206178234506407998
2207186314503977846
2207166670522439902
2207208391519716852
2207221071505781900
2207227677505938521
2207229613513098240
2207221713520578018
2207220170520781388
2206232638511863296
2207230333503593146
2207239898513373835
2207224316524826450
2207228005533688210
2207130289521307882
2207240508506191132
2207252916502704983
2207232635503675529
2207236457521497635
2207247337505739166
2207256932502564056
2207245088524916194
2207256143502584578
2207264440525087192
2207262906502340656
2207266296502849304
2207278145502730563
2208238724524199830
2208088835504091971
2208265897506813273
2208220467510147802
2208222645526269327
2208175554505437160
2208268136513223160
2208223493526971518
2205305031519337657
2205258227503733393
2208270531520300575
2208275922507143505
2208262142524996103
2208293112501627912
2208225609512835966
2206241448509862242
2208124520502547776
2208074425530175466
2206161621522264829
2207139480514618362
2204233185512238658
2207127369509876286
2207128344503229423
2207110762528198914
2207115061508423915
2207093764532193173
2206167168510583433
2207083718517512062
2207081286515884180
2205130062522046545
2207296579505802062
2207284609520293554
2206088191520327926
2206138191524889085
2207296571511417117
2207285499519781824
2207280440523501862
2207273060502674114
2207305969532649895
2207319941510835769
2207287777516204409
2207296647522297649
2207306073517989089
2208011862512126763
2208016457517722354
2207312800527285768
2208011630529676190
2208012987512319378
2206106620502252399
2208029560519095137
2208031239505448578
2208024120528996512
2208035504503784288
2207219795512271081
2207131230523371846
2208037987515792538
2208034523507695597
2206047446504019246
2207271518515893595
2207257303502619302
2207286681504486697
2208043941512058214
2208036352518357056
2208015504504740194
2208014957510447140
2207310654532532938
2207298747529267409
2207270325522864471
2207307063505099570
2208046569547839214
2206091579506153254
2208233962513611863
2208102055532819772
2208052214513637879
2207299265524935147
2208246920509360941
2209245241511749426
2209066252507029981
2207261427518224755
2206097837520535034
2208250798514632075
2208104814529191322
2208142242521791298
2209225232523067384
2209211020519600777
2207236533523124241
2207129465502198465
2204271895510802833
2204239225502531553
2204268685511763046
2206155420511308079
2205209942501747685
2205284446528285942
2206142585509506860
2206158523502928314
2206156592524993948
2206210132506797763
2206231448505214423
2206055421527387455
2206056571506226224
2206024197505920998
2206072213522938867
2206055421523705418
2206063403507583733
2206073495513384862
2205260564511999294
2205265495509301579
2206098496501412912
2206093536510730848
2205278650514893538
2205278989518066423
2205279843518607911
2206024646539052341
2205287998507599392
2205166818512671920
2205140226523808364
2205149377510644665
2205130640510205473
2205137104528781765
2205199883501889617
2204261215502385971
2205100220507314696
2205126767520406239
2205137104501445766
2205213932502866086
2205072203509010720
2205060646510691453
2205087868506889049
2205073485515742624
2205090810510034702
2205068226513581321
2205266635502230940
2205234896512139811
2205227165503462608
2206303515517266478
2206309513537384336
2206139247506593265
2207024491514689928
2205315112508173563
2205316130503543475
2205306501510561503
2205315240503857860
2205312800520184715
2205316026502771997
2205318523502885727
2206020765506883963
2207088063512520839
2207081396507383190
2207026544511175847
2207096442529608333
2207090132503770278
2207106955501584611
2207111201501370473
2206187485515614243
2206175462517521693
2205215380521035106
2206160171509549582
2206248523503535242
2206285297506785937
2207057855508670765
2207068764502302828
2207062324515429746
2207065765518475542
2207076732515512392
2207319238524137320
2207318345531597911
2207308145510064385
2207234950503301979
2207292952526534409
2208041877512343004
2208051426513165290
2208031069510396318
2208066721507976498
2208061877504496014
2208062325506178650
2208061143512116313
2208064612503567861
2208065727512842856
2208029741502985403
2208026317515697483
2208011535511801089
2208028750514176227
2208012920521266641
2208063987518386483
2208055080502701940
2208075214506465706
2208065105524906357
2208022320513640495
2208095504504386040
2208085082524890767
2208084503517753965
2208030440518120203
2208095188523140416
2208099639516003227
2208095815524485287
2208094087531012175
2208076139530838045
2207137799520476120
2207161699524245837
2207165661528144629
2207157482518987180
2207218594506538571
2207218630519911463
2207210440520408975
2207218706517818837
2204245932513103691
2207230440519167690
2207070119531092867
2207209104525381567
2207227587527857339
2206271737503678871
2207239215517891290
2207280564517340085
2207298707502093248
2207081210523025309
2207233485527690686
2207258163502553024
2207256476502525652
2207257591502622679
2207242886504289464
2207256301502665271
2207257503509183466
2207215821511697371
2207273616501965213
2207264838527190493
2207269405509051865
2207248330529277030
2207276569501582691
2207241275522112488
2207256179521061567
2207264421510782149
2207240775529107671
2207278248527954383
2206123185512967238
2207287322510879626
2208192553505052926
2206159160513051052
2208191143510094092
2208025817529121082
2208063650504415828
2208227028503637304
2207284782512863643
2208222986528056600
2208220349528601387
2208041079510071167
2208027254508771138
2207053803510710323
2208259789529067960
2208196681505506352
2208259571522977236
2206301534528963419
2206298523503057985
2206232585516588189
2206024640506658594
2206094640518325433
2206233004522065813
2206236838515717138
2206249790503662402
2207030116510346809
2206158097504136895
2206269354516569037
2206265368518014233
2206213038505177425
2206020062533145858
2206259067501451381
2205094741503119203
2206125431507284072
2207170255530128998
2207153156523070851
2207170140526162653
2207188391518958391
2207183082508515699
2207152263519041965
2207142723505320958
2207197369521965099
2207182725505354417
2207100762526355527
2207129573528103228
2206072855508935476
2207201071526748662
2206028029505122960
2207206012503322352
2207195132528073699
2208140095528181898
2208118296509614639
2208122350533579174
2208125504504021539
2208110454506425337
2208126069533193240
2208126125511002615
2208135550504148919
2208137597529440768
2208134612531683379
2208050899513059494
2208118452518266101
2208024651528098924
2208113137501267381
2208112019520716864
2208114605509135973
2208155387512715155
2208123815521002952
2208125737529833837
2208141350514239935
2208148733514847478
2208187449507374054
2206119862519074957
2206129941521629969
2206131133514386175
2206117453510229931
2208038338528224010
2208045452532594363
2208040654547303244
2207284679503453137
2207290344526966752
2207277694513769815
2206110016502632708
2208036823521846824
2208101516525400594
2208108431522926171
2208122915502592472
2208119372526811931
2206301710510353525
2207284480503293528
2208084480512629725
2208312800532226902
2207227066518077488
2208136816527178399
2208253544539424563
2208118020522587579
2208017865513040650
2207020139537099178
2208310453533880729
2207217423504803124
2208137180515384966
2208115030504134757
2208105030504442775
2208126214532438996
2207084911503554283
2207124911503719113
2208157757512023632
2205067993502885902
2206073931502400333
2208170072527987288
2206112304504013319
2207238773507543817
2209167989501283130
2209252966508737750
2209250453525346387
2204261291510239315
2204258067505183417
2205071642506861038
2205085331516752555
2205093642508108687
2205092006506840332
2205104405513797306
2205168226518108089
2205177158518723430
2205172795519177091
2205180963516739938
2205199377510687748
2205112387517296699
2205091087516499208
2205110654516072371
2205132795501047859
2205200012505671533
2205141087512767607
2205041429517470000
2205174087511841611
2205169883501233183
2205161463506331888
2205192765512276084
2205203963502313496
2205222709510492677
2204193532508839711
2204173996504865949
2204215590503156039
2205285703518300383
2205276815531949266
2205293738517719390
2205314565503151530
2206012585516091865
2205272331519733948
2206012585507496039
2206018450508922304
2205315877510379028
2205318284509376400
2206023987534037147
2206279667527805523
2206282324505806682
2205304640506283331
2205314640505135325
2206094640506979139
2206134640508810713
2206234536518577892
2206232585523227854
2206283929503385618
2206271546511360479
2206291546507637999
2206275387526192916
2206299930523170073
2206025921506771489
2206100105513828819
2206301419502250720
2206304285511518288
2206260124503053318
2206269354514102958
2206250321528511904
2206269354512251968
2206220757508153482
2206225777503702949
2206269354527811835
2206278570504598847
2206259654524977688
2205300075510007534
2205208831535171414
2205228750521616825
2205103309510645482
2206097799512817333
2205285782507522363
2206206289519197296
2206177171509830902
2205317833517126777
2207011913505764698
2206309513527173873
2206303942519901858
2206091064522894437
2207010192533777627
2206064555525284695
2206071478504190114
2206055421527351387
2206072326508716807
2206078991519851520
2206098523503011122
2206037331504507742
2206047984508051881
2205242952514523450
2205218951523358304
2205258523502808062
2205241915512051567
2206108492512406702
2205217582522240859
2205236913507361350
2205246691501539298
2205246913511697286
2206026780501891848
2206034727541938538
2206091201518486696
2206140386513736315
2206148523503326676
2206170535531964438
2206175572517585999
2206141442511452504
2206202030509512532
2207063394503387864
2206287426503451110
2206307426503308688
2207102374504402222
2207116006536301927
2207047420512217870
2207065765517623754
2207171988509483341
2207182811508167070
2207195533503672581
2207169739530732681
2207161081532904914
2205317496513464031
2207180837519315369
2207213081521322615
2207211244509135608
2207212135512645880
2207219946502445367
2207223792504176002
2207220407511722770
2207234306502937016
2207225487521824954
2207234306504583534
2207245118518537103
2207242698519977315
2207248482515283327
2207230321512059259
2207205481514687998
2207202521520084800
2207201541517514063
2207265406520695300
2207267518506160721
2207254590520032794
2207260176523996449
2207265165502630872
2207270853512790257
2207286075518023757
2207275524521651382
2207272929522031533
2207216941502939420
2207288102510707849
2207278992528349252
2207286052507937927
2207292498508870129
2207271579506527463
2207285691526194280
2207299155525273482
2207304178506720505
2206098191520613505
2207281630523184744
2207317423508415344
2208018706503468057
2207275347517495959
2205310171503104823
2207288706508763601
2207280564511448396
2207288707527693203
2207046620504492511
2206116620502889868
2206137521514006513
2208034438504032562
2208032769531575044
2208043908503819955
2207311877519116231
2208036146518233308
2207289411502599457
2208040143523833647
2208044546527422328
2207263539526481319
2208044641514066484
2207285612518419910
2207286631524288264
2208052114530933689
2208051877512452184
2208047742524142254
2207145928501646831
2207109621529008236
2205173516505689428
2207135921507534042
2207072064515106883
2207156680503110297
2207133965512761494
2207163056530531843
2207076092535349626
2206207629528722896
2207044715514511551
2207058621508096945
2207067613504582839
2208087055525306919
2208073165507945047
2207236408502313290
2208012409507868390
2208013994521911792
2208016457523950195
2208031944501731962
2208037373501897598
2207317684503081940
2208024108506978356
2208023433522144899
2207211763518438246
2208093175530116997
2208106064509022900
2208109302503194812
2208105504504470204
2208105514516856033
2208139140513613183
2208085504504646407
2208083453511004219
2208104596533115407
2208126923519713757
2208120933529899287
2208122250532678512
2208120160507097355
2206022801508352216
2206032801528191771
2208087659512868790
2208104087527535498
2207317677504432142
2208188374518156015
2208107456520574549
2208116795503965858
2208065719518932631
2208112524516194136
2208101520526010902
2206297111509430044
2208115256519155606
2208126487511227411
2208127634512345349
2208125756507947322
2206102824521333753
2207084497509547943
2208250837526353323
2207055805503039246
2208141812502813731
2208144326502785039
2208136654519334991
2208072085527758602
2208122446530235899
2208131964502304422
2208277936511065833
2208275692529662276
2208134781526326662
2208158500503066048
2208140654524415668
2208131717514962540
2208221232524330599
2208100694533177644
2208228920518113861
2208219947531680750
2207115850530540833
2208188122509221364
2207247865510377903
2207257865512337750
2208119831516939242
2207268367508336202
2208011156508061493
2207165305520625342
2209103193503844021
2205266343513508496
2208172346529748068
2208270707535249902
2207271525527026345
2209153658507922423
2209098629512913628
2209100640528199271
2209091234528531371
2208111218527038334
2207033308517155947
2209235232531403209
2209232625502077992
2205011809503760702
2209269289520431435
2209263725510189246
2205118704512073357
2205126780501316429
2205138523502538800
2205114614503668018
2205113525505147244
2205116696506374284
2205129723513266794
2205196333503676558
2205199377510708667
2205163184517565408
2205164766512903359
2205160022509616895
2205150612520271939
2205150612520130298
2205117240504158178
2204233324510395627
2205071658505214670
2204286578506206131
2205071201511886094
2205137360506590227
2205125904519847958
2205206749506892760
2205197664515102809
2205212795501704183
2205023941516709162
2205012125518429025
2205260564509565618
2205242952511742179
2205242795501551090
2205241394504143070
2205270716509316046
2206014185503343535
2205217332528671709
2205200971530806683
2205287119518990673
2205315877508192860
2206055421527463735
2205297719518329109
2205305259503190368
2205298924522456237
2206067819503620812
2205135583514057930
2207219613508048250
2207222117503005985
2207222804513038972
2206300404523158432
2207227753519247098
2207243037520983752
2207257569502537572
2207244080506436154
2207242318514030903
2207240268514775454
2207240646528965844
2207257342502603925
2207251193507366249
2207255670520098076
2207261057505233754
2207260605522429340
2207275504503846453
2207277792526651391
2207270564515392325
2207270564513348535
2207228900506839660
2207279613506253157
2207282826504651827
2207280187510484560
2206105765502317580
2206196780512976986
2206183180523937493
2206064640507509815
2206074640516120700
2206215601520285325
2206222775514734161
2206233151514228536
2206119651516675372
2206208482523354388
2206158875515003412
2206227944505160962
2206069920510418477
2206218953509207060
2206255473502538898
2206252375521302362
2206260691512211522
2206287256513579976
2207141504505711630
2207166568520653268
2207186103507004781
2207162857524324839
2207177567523576071
2207161738524912136
2207199613506405485
2207125905531824496
2207131396503283525
2206116452503271071
2206126780502632020
2206138523503368983
2206102585509688677
2206035421552061048
2206137303502081851
2208014287520971702
2208020220510243229
2208017496522119173
2208020522508319878
2207215195522361475
2207312591520071713
2206068191508852261
2206078191522154744
2206138191509889014
2206196748534769332
2207295504509984432
2206271737527499934
2207294786526806605
2207292553533673077
2207286852510251706
2206137521518745462
2208036803502677221
2206237353516780361
2207042657530798039
2207013987506113255
2207018523505731611
2207064044503327323
2207049332526504863
2207079773503421041
2208011361513659065
2207312354508554548
2207317167520718503
2207312800507320728
2207313077531427294
2206165818515454035
2208049865503248715
2208039989524524222
2208050440513008491
2208053503522635634
2208059613514372309
2206106240517309281
2206091469516474432
2206117208508512200
2206117411525616544
2206129342515038270
2206149247505098930
2207012667534601654
2207035910517305969
2207040767503511987
2206170649504094098
2206141250522223533
2207096955516095446
2206108476507471273
2206272585512754604
2207072156529947037
2207078443504594754
2206082283520515848
2207111985507396178
2207106955508331617
2207094523534976989
2207119638504963474
2207126120512922917
2208134809525019771
2208116792511094767
2208125289520524351
2208047325526228220
2208131431501495300
2208133532514270468
2208133541523687609
2208063125506097253
2208064781511266017
2208062256518860708
2208061199527251099
2208036727506460301
2208045504504745669
2206255083533567058
2208148837518067519
2208076580501513502
2208070524508253439
2208071230521955276
2208076931513056269
2208062379509542848
2208079267513550553
2208157454501620912
2208130766502650714
2208102572513895637
2208156764515774568
2208098242503906873
2208082677512568468
2205138227528641620
2208120740515654486
2208024008520325838
2206221023509881668
2205235031516622358
2208254006520335900
2208256840522371479
2208091781513666819
2208092416517120265
2204269627514710096
2208250573540345273
2208290523504783767
2208304669501450844
2208034121501758357
2208104923532823155
2208036849513497524
2207222638512987138
2208110837527657924
2208109755515742853
2207199593502958015
2208116097514390597
2208119564530420444
2208112922519116265
2208118358504082997
2208108321524956070
2208102810524946131
2208115504504090318
2208109083512290753
2208114870501207020
2208191311506019224
2208118713522634828
2208097646515247767
2208121237516355013
2208121141531875411
2208139318504390047
2208127968520901529
2207260055516125064
2205248969507275376
2208078036523315747
2208036941512846700
2208298800519509727
2208149194520883448
2208017865516184745
2208117760519499708
2207277865511866176
2209022674503268741
2208314669501594344
2206042968530851587
2205246963507702105
2208021289524117435
2207088451512698722
2207229327534062175
2208109233511090019
2209053966503263337
2205233333506083597
2209193427507470840
2209223081507294700
2208071134507188465
2205098121509475056
2205106264507888228
2205108893511032783
2204213532510216855
2204263532511932901
2204263987508209066
2204263987509385374
2205078741513052249
2205089809503485599
2205089809503592506
2205139850502511903
2205125482504089132
2205139968503650906
2205136224502596976
2206137819503404653
2206122840527797107
2206079097510221556
2206054555523978282
2206102273515141771
2207011432543343624
2206303676528580022
2206301474501002958
2206206612526656101
2206260124503393035
2205208599527384244
2206305901538064394
2207034715510242583
2205188243511276463
2205206956510203478
2205278067501016673
2205279683516965920
2205237310512598501
2205284727512851827
2205285112510235220
2207055297503186718
2205142902506677811
2207044789518651598
2207079869503418719
2205174895514795385
2206240243507040082
2207066303502958098
2204253734513012181
2207078947528099152
2207084827521640928
2207079945516513850
2206032593551458309
2206064799525008330
2206073302508689890
2205295620520994501
2205319897506589348
2205312264514204095
2205151774508236194
2205300395503051065
2206027744511791126
2206033586508289687
2206176346515464059
2206205606511397290
2206236061503335889
2206098164509354118
2206288523503428410
2205242857514559221
2206291376511190385
2206272585519748639
2206294679528292885
2206071201503366640
2206147101503691809
2206126033519025697
2206097799516166737
2206168509518709378
2206173457511347514
2206024640522290513
2206260425530928145
2206255763533477483
2206262221536888314
2204267979506422239
2205238523503126863
2205225918509017059
2205231641509151604
2205230765503034308
2205222139521245459
2205240939507325745
2206053323516076317
2205222795501393343
2205223387506463538
2205215587526541036
2205198020517756855
2205173594514149615
2205188364502171027
2205148231512789301
2205146937523890934
2205148828517562972
2205145150520238991
2205142795523248278
2205142156519628568
2207144539505552169
2208113970509643669
2204175074506353542
2208294669501530253
2208313800511663832
2208285893530105522
2207283259517426663
2206296039520996457
2207269113514164653
2207128885509617097
2207291143523597176
2207289217501401458
2206069341519420954
2207297987528774692
2207290231536424602
2208298591526939258
2209024535503225347
2207075442501656387
2207199613510643031
2208018622530699385
2208104116506878049
2207283610509216772
2208072434501737296
2208088567511332714
2208182510512765170
2207277865513328504
2207257865514086914
2208217230507619074
2206176921529855793
2206193976534079528
2206042638502677324
2207213876514120456
2205250608513012692
2205280608508624594
2206088832502578013
2207132217520995123
2207226457525474833
2207229637512042047
2207220992526320215
2207238923508208160
2207234153523943231
2207231172503329886
2207242372524965559
2207251093527377291
2207247548514928166
2207252278502640559
2207247406520785425
2207245484508959106
2207241264526028851
2207257753509648610
2207214306514077470
2207272577517126579
2207285504503744849
2207287676504214704
2207142938503627772
2206170867504574219
2207279474506711998
2207271295528539338
2206068191518820239
2206243352521144747
2207269560508139641
2207266210508607826
2207267416501419365
2207316128519664548
2207316778523616056
2207313441502879375
2207317236524048831
2207313178501319488
2205315856511409027
2208048094535652014
2208100137509908748
2208101630529470869
2207018364518904291
2206208364525128137
2207256172527692736
2208124759510805519
2208139254506277113
2208126510524076158
2208129073508472834
2208061959504651545
2208052878519114044
2208065208521744078
2207288212503407707
2208130440517748822
2208140440508693163
2208140654508806859
2208074076514043616
2207267261520806314
2208128948502522421
2208155504504824075
2208147920524135456
2208151082507559115
2208151154515446770
2208138384503143141
2207067656526993819
2208030588531637657
2208019397531134506
2208021086502685585
2207103310537234613
2208028786503955266
2208025504504014518
2208065264519288678
2208092541509924432
2205088607509384743
2208099551513196278
2208031239504216861
2208020440522246885
2208025523528798758
2207299613515974481
2208049915503154934
2207156833504650293
2207152747502221768
2207154740502696642
2207159791507352716
2207151143531284451
2207162620501848358
2207135515510065990
2207129856523017231
2207191862512582784
2207192726526563285
2207197369517364548
2207169170520508438
2206256378502121022
2207116718514163268
2207201006520356756
2207218391502986766
2207177125524299081
2205300303510053169
2205211422509549137
2208275717519939212
2208229568522499933
2208222870514927231
2208290596511804487
2208130155507311599
2208061215522044545
2208132107514068047
2209164535508879379
2207106058536827212
2208022507511042373
2205213683513030324
2208013485529655908
2209181666517221824
2209198525520305870
2209195247522661780
